278671792
276632232
276439866
275957542
275856915
275797120
275230199
275230053
273732310
273715916
273715898
273715851
273715441
271360697
217101143
214741473
214495467
173640730
173640728
117031327
73985570
60882508
60875322
30731780
21301334
15236913
6448983
6410735
6403893
6403163
6398873
2045801
2045801
2045801
2045621
2045593
2045591
2045567
1821405
763155
278671798
278061093
277982920
277946284
276047327
275957805
275230347
274748068
273716004
273715860
273715821
273715806
273715583
273715515
273715481
273715438
272429486
217099685
214691114
173640823
173640732
173640726
111635660
60226545
32846126
32844796
24404877
9363519
6453387
6452545
6412937
6404169
3583301
2045615
2045587
2045585
2045569
1822419
763161
763153
279368966
277363455
277015107
276590037
275986524
273716074
273715946
273715940
273715924
273715912
273715896
273715814
273715800
273715760
273715741
273715739
273715689
273715643
273715637
273715625
273715566
273715483
273496076
273271018
257856097
243034598
173640784
173640776
173640760
173640756
173640740
173640719
111635667
30883419
7964489
6452105
6405829
2045613
1822445
1822435
273716080
273716000
273715986
273715962
273715936
273715888
273715864
273715798
273715770
273715659
273715553
273715539
273715495
273715457
273715437
273715389
210429658
210428083
173640881
173640877
173640875
173640855
173640853
173640840
173640835
173640831
173640821
173640806
173640802
173640788
173640766
173640758
173640746
76736804
76730332
76425720
76399863
76385291
30984847
30984721
278098927
278098897
278098893
278098572
278098483
278090757
273716126
273715988
273715968
273715922
273715649
273715521
273715427
253402931
252762470
252762162
223594066
206860510
202876657
173640833
173640792
158501211
148810429
117031334
117031128
113038836
111635675
111635658
111635648
76737356
76732589
76394652
70772855
70771307
70498693
59548925
46621119
33492482
31249587
30984490
277435458
277136150
277043642
276047353
273716028
273716020
273716012
273715974
273715964
273715872
273715830
273715810
273715808
273715790
273715772
273715725
273715703
273715675
273715671
273715629
273715605
273715547
273715535
273715502
273715485
273715461
273715450
273715420
243037801
215914374
214688414
205719382
188089635
72193664
14359854
6449345
6447607
6410669
2045573
1822173
273716104
273716100
273716094
273716084
273715960
273715928
273715876
273715868
273715838
273715818
273715812
273715784
273715723
273715709
273715663
273715661
273715655
273715653
273715619
273715615
273715611
273715595
273715585
273715577
273715563
273715559
273715525
273715523
273715507
273715498
273715469
273715417
273715395
273496078
202062511
187146757
173640752
173640749
173640733
2045595
278098873
278098671
278090606
278090498
277945997
275960935
273716110
273716064
273716058
273716039
273716038
273716036
273716024
273716010
273715970
273715934
273715631
273715448
273270974
253366309
173640869
173640863
173640858
173640839
173640813
173640798
173640796
173640790
173640782
173640780
173640768
173640764
173640762
173640754
173640742
148810423
83163514
76401754
76399216
1822397
278098953
278098940
278098592
278098435
278095648
278095518
278091159
278091066
278090633
273942704
273716018
273715956
273715886
273715824
273715773
273715762
273715726
273715697
273715687
273715665
273715621
273715565
273715519
273715511
252762369
206861009
202052408
173640817
173640815
173640786
148810361
111658911
111635674
111635666
111635657
76421216
66188963
65005073
56864211
19876265
277438645
277435948
276047898
275399038
273716045
273716014
273716006
273715978
273715944
273715918
273715890
273715882
273715862
273715846
273715842
273715804
273715778
273715766
273715673
273715610
273715600
273715571
273715542
273715497
273715490
272429938
272429655
243025963
197908003
187156441
173640748
148810381
116893237
51968757
21056582
6413453
6412963
6410769
6410691
6398337
275967842
275967660
275377584
273716128
273716114
273716098
273716092
273716042
273715984
273715955
273715950
273715910
273715840
273715834
273715796
273715707
273715705
273715587
273715552
273715452
273715443
273496084
243034636
242497739
205920740
205728344
173640879
173640861
173640851
173640847
173640837
173640829
173640827
173640825
173640778
173640774
173640743
173640737
6413195
6403989
273716120
273716052
273715992
273715938
273715930
273715905
273715904
273715816
273715721
273715693
273715691
273715641
273715609
273715579
273715569
273715501
273715489
273715474
273715447
273715431
273715401
273715399
197908013
197908008
173640867
173640865
173640857
173640818
170434684
158563097
138158335
113109865
111635689
111635677
76442399
76411502
66186786
65002166
50015241
32677862
278121711
278121506
278121404
278098403
278095582
278090631
278090507
278090490
278090466
278090460
275686746
274657526
273731979
273716129
273716096
273715998
273715870
273715836
273715832
273715828
273715786
273715685
273715557
273715493
273715425
273715390
202883188
187182770
173640848
173640723
148810347
122560467
76737515
76434024
76397257
50601882
32649639
31200187
30986768
19748426
278671796
277438963
277435978
277230440
276931770
275217194
273716112
273716078
273716008
273715990
273715976
273715954
273715902
273715884
273715879
273715858
273715758
273715730
273715729
273715699
273715679
273715644
273715639
273715633
273715617
273715541
273715531
272429154
205717720
205305938
192726594
192725299
173640845
20590924
15854585
11103031
8425696
6448007
2045617
2045611
273716132
273716121
273716118
273716116
273716088
273716026
273715994
273715932
273715920
273715894
273715848
273715826
273715782
273715701
273715681
273715667
273715635
273715551
273715537
273715533
273715517
273715513
273715453
273715419
270958654
242497277
192986501
191267392
188008991
173640718
149265842
109555719
24508622
10952977
6412951
6410757