278640915
278164359
278061812
278061789
278061163
278061139
277997115
276416411
276416368
270802697
270791508
191829340
187188651
187188650
186558194
184121467
174256818
143714259
127668958
67064909
60859362
11252093
11251768
8011164
1860919
1831707
1055182
792570
709035
615976
562364
545363
514323
514319
456516
456510
456506
456503
456500
456497
278896241
278755917
278641448
278641433
278641421
278641266
278639921
278584971
278063670
278061945
277286297
225303430
143713994
121063802
121063550
116893111
86143775
86143010
66399530
50403239
50015598
33751827
32691413
32647570
30706037
30703929
30702840
30698357
30689062
30685254
24635126
24633993
12598868
6167743
1831931
1830519
792636
562408
512400
457251
278965608
278965484
278896238
278686792
278686737
278641440
278641426
278641424
278641271
278641149
278227426
278061795
278061408
278059187
278036384
277748823
277745471
277593590
277362210
275960835
253042862
187188766
187188653
176057449
155827302
155630252
113759072
109077888
73251459
58444041
50015591
33760828
32645774
30704552
30700802
9871682
9870976
1860907
1860717
1831861
278965368
278896186
278686754
278641444
278641428
278061060
278061039
278037252
277749408
277369912
277369728
225288953
203764264
196598358
188176208
184497231
155629774
153368827
121064379
73370940
52917820
50015590
30701765
11251739
9871936
8011244
7105057
545065
457308