279145525
278966204
278851678
278641636
278226873
278123242
277996825
277996756
277591588
276661654
276291053
275940014
275917127
275230854
263954018
248184839
242013069
186557894
186557857
143714225
133832908
121065787
101901207
76042152
76030024
54439144
32118160
21089128
21057555
12404584
10697849
9358144
754246
754245
709013
416990
416985
416978
416914
416911
279280165
278848630
278757497
278575044
278059140
278016751
277744564
277606774
277591546
275917555
247704800
131511172
57666163
31262507
7908729
1286855