93166195
193773448
273872544
276132082
263982361
165667261
165588636
196562378
52144763
212357626
275197050
278230727
273710743
279372158
50943835
51096109
50768721
75640214
50743513
50594034
51094471
50890488
217261878
276240495
276238968
268429990
270098277
179743608
195714841
275750229
279312631
275753084
51061018
51039126
51039546
50876352
278230809
166237541
179746232
179755863
179735149
276238952
272308384
270103942
276240487
276238715
121027126
179745834
278230562
51058582
51038859
50957286
51046954
51002508
50737137
51093090
279312637