277574445
277574198
277228778
277228594
277167677
276952174
276671832
276375842
275940104
275326775
274222219
273711163
273560524
273538762
273439770
273219562
273190419
273008648
272905694
272890886
272000512
271998495
271889440
271374174
270942550
270738278
270534563
270250636
270248476
264004896
263698418
253398264
253100420
253100419
251983019
248119300
248005437
225919911
225918957
147009949
274304395
274252310
274212830
274191762
274184671
273787703
273647331
273620821
273538229
273432112
273326109
273326099
273271891
273218164
273217549
273217463
273217375
273196132
273192749
272850815
272836118
272051447
271998401
271998290
271982584
271979102
271964612
271342399
270902878
270298909
270255834
263703197
253618999
253614415
253397874
252755855
252341166
252060830
251514098
204931747
279242387
276491070
276283012
276061091
275213404
274305746
274305090
274281463
274253258
274225830
274214001
274193956
274189723
274188789
274185146
273789033
273557698
273428225
273428168
273426535
273236886
273192182
273191511
272905572
271961503
270253675
253444177
253444027
253100417
252175139
252126349
252062208
251393501
251253523
251250444
248427232
248181425
248129242
207816930
146222990
277136117
276491419
276282360
276061198
274396781
274220406
274178547
274137556
273788138
273539235
273440035
273433035
273432498
273428393
273319500
273317855
273269799
273221674
273221615
273221539
273218452
273218000
273217625
273196591
273190636
272892365
271998139
271981980
271324149
270447795
253619018
253618868
253100413
251984005
248325670
248007707
225919158
145826490
140791100
94999310
270519385
270453547
270436715
270420179
247971147