278958952
278865428
278861117
276825788
276191594
276191467
276191357
276191277
276137642
275961342
275662684
275621669
275621667
275500404
275452721
275451243
275238680
275238446
275235865
275221336
275221241
275208816
275191477
275190023
275175365
275171088
274928980
249052944
173380884
142459136
97990990
97339715
73666130
71896487
53181542
53038459
42561594
26114420
8608925
509716
279069965
278746535
276665999
276304177
276191556
276191397
276191290
275842888
275671411
275501536
275457016
275453084
275453015
275401709
275246760
275238779
275220508
275212219
275193550
275191713
275191606
275191580
274928774
273197801
272616465
251999091
248792234
219163708
171806447
163133379
126107841
96366223
71062304
43934020
42561574
42561571
24880266
16667097
15337513
14379439
278816621
278751446
278694435
277497700
276958126
276825703
275962594
275793812
275515236
275453546
275452960
275243131
275219916
275212610
275210431
275199209
275197304
275196065
275190403
275189368
275182400
275177889
275171067
274929062
270508064
262463411
262454759
219148368
206674146
195999071
194102606
181779554
118959667
106235458
74457280
73333451
59204350
23252687
16308170
16301033
278862241
278695352
278440015
278170381
277383856
276643094
276122381
276017861
275962559
275836354
275764976
275738176
275729232
275724349
275688980
275453386
275203016
275197039
275189884
275182080
275178400
274612399
272395882
249052530
201037421
165998092
138480635
81509771
80994611
77516386
67106618
59392986
59392915
59203466
56371562
26039604
25552398
24842862
3718001
460641
278958928
278769487
278757493
278750125
278679580
278600291
276798322
276777125
276542309
276139480
275833855
275832756
275729992
275209993
275208760
275207478
275206611
275199019
275197013
275196333
275196131
275191498
275175751
274926650
274250382
274039545
223956658
217736604
201367992
189885559
143105681
123482029
74492066
73166020
67421784
67090949
30030572
20989560
14380347
3717581
278751442
278733442
278703233
278694873
278160559
278015391
277938912
276975288
276830072
276021234
276020734
275917821
275724587
275716528
275614316
275501834
275212162
275190766
275189839
275174967
251424743
217767128
204425697
201037922
111173844
74493196
67467354
59401904
42561598
42561588
42561582
42561568
26039174
20198238
14378745
10583558
3718241
2014949
557585
459733
278750065
278604822
277980101
276886257
276733840
276191445
276019461
275865991
275792271
275621671
275212547
273197783
270663994
261808073
174003815
138463774
82101951
82093172
73333731
68370929
67456332
51512738
30034270
26039438
26039404
26039376
25693540
24947702
21430158
20986875
20769472
20767633
20709353
20709210
20708648
20708320
20707871
20208653
3555633
2014127
275794399
275792477
275792391
275752666
275752220
275752103
275752039
275728115
275701949
275699735
275699335
275698295
275687548
275677220
275676629
275671651
275671297
275671241
275665265
275664849
275658375
275658063
275654330
275619991
275611700
275587760
275587281
275584922
274613601
193540125
150873069
67467048
56371675
37810363
30036318
22973652
22973534
22973010
3556319
2013987
278873089
278764886
278600302
278462903
278199531
278124848
278110542
277444227
276625998
276450685
276019351
275947880
275893576
275893560
275836913
275835756
275826400
275795921
275727349
275726467
275724323
275724226
275724216
275723773
275716063
275705697
275598403
275583646
275511306
275504189
201643591
193767644
137855037
74494438
74492803
74308021
74307498
57135848
6557315
2238811
278751945
278744420
278721632
278692317
278169985
277980035
276896388
276886622
276840314
276828103
276802226
276798833
276431687
275832791
275731409
275729606
275221398
275220474
275213219
275207394
275201935
275196788
275190985
275190777
275190661
275190334
274929191
274928308
274926623
274924562
249176624
248793598
206795286
204427819
117815212
108103116
77926636
42561566
36927832
4297615
278936623
278769027
278721778
276850880
276727945
276643010
276386250
276191481
276019870
276017553
275961298
275779475
275738405
275729064
275585762
275453315
275258019
275246676
275235960
275198928
275190388
275175374
275171054
275134456
274928358
274039738
252394850
163132838
108771266
100159275
100159264
100159242
87393332
87167484
73314944
59428911
24881672
20225198
15405225
3556013
279242235
279069963
278766627
278752063
278751985
278751927
278750133
278058611
278058600
275737111
275220170
275210508
275208657
275202028
275196746
274037493
274037080
273768093
273471111
273428869
247718885
205482788
200936363
193768708
127377504
127377503
33402069
26039704
26039678
26039578
24946222
24946199
23252694
14380807
14379388
14379331
14379221
4284689
4281713
4281389
278055464
276949795
276886386
276886065
276596303
276596272
276430788
275794519
275794415
275793899
275779435
275765264
275738026
275737363
275737236
275730057
275729998
275729717
275728833
275728805
275728739
275689249
275676345
275658641
275657979
275220558
275219657
275212309
275201406
275198113
275197880
275196756
275194406
275193303
275190752
274928176
274927094
74493006
21173787
21173533
278868703
278709374
278637503
278428776
278229796
278169925
278109461
276919376
276719335
276017653
275948643
275904555
275865952
275723237
275705911
275702188
275702019
275459025
189885544
67467109
67419385
56926965
55081427
51911318
36045768
30034644
21611093
21476608
21430373
21429204
20709087
20709046
20708472
20708209
20706444
14379493
14308835
3560441
3555785
3554417
276667557
276018343
275893862
275893624
275893529
275893469
275837086
275837068
275835660
275834829
275806311
275728379
275726308
275724265
275724014
275723837
275715325
275713570
275706813
275687778
275687716
275671383
275671353
275671166
275665686
275659674
275618120
275595798
275502625
274274897
272163029
270660953
150873510
119461988
104851006
48315033
30035204
30034584
15402715
4297557
279406443
278694510
278679091
278236271
276921827
276828662
276719298
276191430
276191379
275738386
275728579
275710380
275702178
275671613
275671211
275502281
275453675
275246785
275243318
275243270
275243143
275238731
275221007
275207939
275198723
275192706
275175367
273429231
273428833
262462541
225941135
193746997
170823288
153911821
146205701
145301864
100159255
100159245
73333568
14380739
279242199
278673324
276919866
276732437
276719261
276651850
276643078
276451711
275833572
275818227
275802852
275723123
275702415
275702082
275238650
275196869
275196766
275196286
275194375
275193504
275193201
275190830
275175754
274928261
274774162
273595068
270124529
196009279
143105926
121534333
87128621
80043612
58669073
54652075
26039308
24828837
24821900
21610872
20616291
15943457
276719305
276719294
276719289
276020410
276018208
275906107
275792538
275737196
275724698
275724482
275723990
275723788
275712190
275706579
275702221
275664183
275655545
275619340
275612766
275588143
275585374
275505144
275501355
275495524
271958880
205481364
204425275
204423743
111005597
74818016
58957100
33401746
26039642
26039280
26039250
26039232
21049287
4297721
4282471
2238721
278883755
278121722
276334721
276304271
275835625
275802978
275796548
275780251
275779504
275765195
275764635
275671414
275664957
275664898
275621129
275618322
275614437
275613801
251424427
189885506
71070845
67467552
67111528
57116188
55085226
54653351
54636175
51910794
36451792
24844961
21761528
21440147
21429717
21428372
20955586
20706895
20706633
3584441
3554911
2015907
279200922
279069968
278769019
278768972
278756915
278750129
278744466
278721613
278695180
278686547
278467137
278428614
278161058
278115492
278089651
277566381
276886425
276719307
276234945
275738712
275738223
275738208
275723767
275723160
275377436
275237664
275213336
275212116
275210185
275210128
275209903
275208590
275207546
275203511
275202129
274680692
273696682
273696260
273425749
199110491
279383405
279383119
279379728
279366207
279282961
278936603
278893787
278756961
276812029
276596777
276191424
275962511
275906931
275752511
275688727
275621663
275502430
275453355
275238752
275238607
275236042
275212906
275212202
275198794
275190818
275175857
275175839
274996762
267261456
247792801
193667464
165997249
161953125
160901247
100159251
95564285
74457992
41668123
15947221
2015281
278058681
277370782
276643086
275220254
275190253
181779813
165177374
143106126
116756666
65079109
16303736