278845286
278687003
278686852
278031396
277743448
276912668
276006256
275705450
274793942
274793514
274763391
262887614
198924462
186634758
186293270
116893463
85754942
85444689
83921674
78020993
75590201
74975883
74547151
74162456
66930382
63846153
58396397
40898172
23171782
12607712
12404568
11252598
816127
751218
708883
708026
490895
459842
416625
416613
279229081
279081466
278966042
278687000
278686991
278686987
278686902
278686701
278584863
278584751
278486437
278449359
278029448
277996118
277943941
277915497
277596820
276966232
276835071
276035426
274799810
274549161
242017028
158494711
158461903
157504855
143714056
137805214
113567242
77947090
77605790
21146538
12404601
2784543
1988743
555451
540671
514864
464587
456525
279276776
279276373
279155809
279081954
278757811
278686956
278686814
278686688
278679503
278640176
278606975
278220363
278063672
278061113
278030177
277013202
276861812
276857459
275888410
230125824
211077781
197186351
194109574
186515899
181214897
158745927
158459835
158451244
158387187
158383203
158018416
151596121
131103028
125788154
109581548
99300694
56305761
14346238
6539103
3133135
278845755
278844001
278686980
278486322
278063694
278063683
278000390
277607660
276920230
276754453
275888393
275025467
274029253
269903319
247757560
197221284
197185674
158492475
158490007
158470675
158462672
158451305
158445853
158385328
158381028
158225896
158225067
158017657
158012949
158008576
158007719
116893330
113560385
110685964
78913140
68545181
23923201
11082404
708812
278979419
278227234
274794065
178477024
35920722
20111924
12404622