138481685
53080935
247241493
53085970
273541600
561957
561924
190315447
247241481
207891244
561953
3054369
561879
561984
67480516
276985137
270992602
272915386
272915499
17410287
274397129
274133854
252156968
162102883
206157359
274382800
142782737
162173144
192202288
270663581
274397186
270550016
274379803
192202380
35844119
272895154
273022535
561990
106604674
92670336
35845016
275223228
247784894
274379766
274396924
274148782
35844910
35844623
44523099
247796248
204879158
204378536
271041730
92666771
92667335
92660916
72974100
72974484
275222031
274602172
270663767
270663031