277857292
277846619
277845839
277780929
276944901
276567770
276506221
276504703
275622364
273909988
273331872
270882825
270305205
263334590
263082303
251531894
251531165
249152138
249023795
249022297
242723651
188487967
177145941
177145547
168654408
147207154
141373888
137425307
135420078
127844507
127776665
59072144
58983900
56712140
39312088
36238808
32079899
16314108
16208533
14063785
277857410
277857346
277852134
277851716
277846043
277845886
277845594
277837473
277030536
276581298
276563072
276527130
276475368
276385507
275622406
272055455
269051173
251545453
249787485
249782106
248648959
242212187
197892338
179993520
147125073
132340229
108216242
54790185
52585519
34956824
20955539
19365983
16314115
16314114
15514958
14980232
14490514
14063793
5506061
1403213
277857258
277520747
273682058
270732401
169621191
160743431
141006913
85919825
66792707
55124565
37887706