276408771
275882892
275860836
275859546
275702066
275634650
275634192
275633801
275633127
275632984
275632314
275632210
275632110
275631902
275602352
275578636
200010016
200009948
200009906
200009718
200009616
200009614
200009532
200009456
200009311
200008951
200008849
200008733
200008247
200008245
200008155
200007993
200007898
200007876
200007452
200007412
200007320
200007252
200007097
195667019
275786921
275761564
275748172
275741311
275701973
275634466
275634420
275634135
275634024
275633972
275633694
275633619
275633613
275633564
275633353
275633267
275632959
275632582
275632286
275631999
275602191
275601795
200010069
200010058
200009750
200009728
200009383
200009141
200009043
200009031
200008567
200008513
200008071
200007704
200007640
200007469
200007421
200007233
200006936
200006881
275866526
275753304
275717567
275716416
275701986
275687628
275664777
275664658
275659260
275659242
275634099
275633505
275633477
275632722
275632550
275632179
275632024
275631992
275631956
275631876
275619113
275611378
275610574
275577524
275193400
200009550
200009468
200009353
200009345
200008113
200007342
200007276
200007169
200007143
200007083
200007057
200006975
200006942
200006891
200006882
200009480
200009440
200009434
200009432
200009410
200009322
200009219
200009169
200009153
200009139
200008863
200008847
200008836
200008821
200008818
200008811
200008781
200008763
200008745
200008309
200008299
200008286
200008267
200008237
200008219
200008213
200008185
200008157
200008119
200007532
200007520
200007506
200007272
200007235
200007209
200007193
200007047
200007041
200007036
200007035
200009337
200009333
200009325
200009317
200009313
200009309
200009307
200009305
200009296
200008923
200008921
200008913
200008908
200008907
200008891
200008887
200008854
200008426
200008365
200008361
200008345
200008333
200008327
200008323
200008318
200008317
200008313
200008310
200007657
200007647
200007636
200007632
200007603
200007590
200007582
200007570
200007547
200007542
200007498
200007494
200009756
200009738
200009610
200009602
200009562
200009115
200009093
200009085
200009019
200008979
200008969
200008959
200008944
200008943
200008701
200008697
200008687
200008663
200008653
200008650
200008645
200008619
200008603
200008590
200008589
200008585
200008575
200008533
200008508
200008483
200008479
200008469
200008465
200008455
200008437
200008420
200008397
200007664
200007616
200007562
200010004
200009956
200009922
200009914
200009900
200009891
200009878
200009860
200009842
200009810
200009800
200009702
200009688
200009678
200009109
200009069
200008665
200007722
200007716
200007700
200007462
200007454
200007446
200007434
200007414
200007404
200007397
200007394
200007390
200007381
200007362
200007346
200007336
200007328
200007324
200007318
200007309
200007296
200007290
200007286
200010022
200010020
200009994
200009992
200009982
200009978
200009414
200009367
200009365
200009357
200008731
200008115
200007832
200007728
200007264
200007260
200007245
200007197
200007162
200007157
200007151
200007145
200007138
200007120
200007101
200007099
200007045
200007028
200006973
200006971
200006969
200006952
200006932
200006929
200006927
200006922
200006909
200006901
200006896
200006885
200009484
200009465
200009462
200009454
200009442
200009426
200009263
200009255
200009253
200009247
200009217
200009207
200009174
200009152
200009147
200008858
200008852
200008805
200008803
200008778
200008767
200008735
200008239
200008215
200008203
200008177
200008145
200007281
200007274
200007237
200007071
200007067
200007065
200007056
200007051
200007049
200007021
200007015
200007009
200007001
200009536
200009502
200009498
200009261
200009233
200009215
200009201
200009199
200009189
200009181
200009179
200009173
200009163
200008957
200008865
200008831
200008793
200008773
200008599
200008569
200008541
200008531
200008491
200008489
200008461
200008457
200008453
200008379
200008349
200008303
200008295
200008223
200008193
200008179
200007682
200007638
200007576
200007536
200007516
200007490
200010054
200010052
200010028
200010010
200010006
200009988
200009984
200009744
200009734
200009673
200009644
200009631
200009627
200009596
200009584
200009576
200009574
200009107
200009091
200009047
200009025
200008995
200008947
200008679
200008633
200008625
200008623
200008593
200008579
200008511
200007836
200007810
200007808
200007772
200007758
200007744
200007718
200007460
200007396
200007375
200010032
200009808
200009804
200009780
200009778
200009769
200009768
200009748
200009716
200009662
200009133
200009075
200009059
200008707
200008691
200008657
200008631
200008507
200008097
200008063
200008053
200008033
200007997
200007944
200007920
200007892
200007888
200007878
200007865
200007850
200007848
200007843
200007838
200007834
200007824
200007801
200007780
200007766
200007763
200007760
275634283
275634231
275634181
274584302
200009974
200009972
200009966
200009958
200009954
200009950
200009936
200009932
200009926
200009924
200009916
200009904
200009894
200009882
200009858
200009856
200009834
200009812
200008092
200008091
200008077
200008065
200008061
200008045
200008015
200008011
200007986
200007983
200007959
200007942
200007935
200007932
200007922
200007913
200007912
200007906
275634454
275634436
275634417
275634396
275634372
275634370
275634368
275634364
275634362
275634352
275634346
275634342
275634330
275634314
275634297
275634289
275634258
275634240
275634216
275633259
275633251
275633243
275633229
275633201
275633189
275633181
275633179
275633177
275633173
275633167
275633155
275633136
275633112
275633095
275633083
275633079
275631882
275631872
275631869
275631864
275632739
275632710
275632704
275632702
275632686
275632674
275632670
275632654
275632650
275632644
275632638
275632622
275632620
275632612
275632608
275632606
275632598
275632596
275632586
275632578
275632544
275632510
275632500
275632490
275632470
275632468
275632460
275632044
275632030
275632014
275632008
275631950
275631936
275631920
275631916
275631914
275631912
275631899
275631896
275631893
275634117
275634110
275634092
275634078
275634063
275634055
275634052
275634042
275634040
275634028
275634022
275634020
275634015
275634014
275634001
275634000
275633994
275633978
275633957
275633945
275633940
275633925
275633919
275633910
275633893
275633888
275633854
275633720
275633681
275633678
275633664
275633656
275633654
275633651
275633643
275633618
275633608
275633517
275633055
275633031
275634408
275634406
275634404
275634358
275634350
275634312
275634290
275634264
275634260
275634256
275634236
275634234
275634230
275634228
275634226
275634220
275634199
275634196
275634186
275634116
275633215
275633207
275633186
275633185
275633153
275633123
275633119
275632782
275632774
275632771
275632730
275632708
275632672
275632624
275632617
275632574
275632561
275632495
275632466
275632028
275633637
275633632
275633628
275633602
275633596
275633582
275633565
275633560
275633543
275633534
275633523
275633513
275633511
275633507
275633503
275633490
275633485
275632863
275632857
275632854
275632851
275632843
275632839
275632833
275632829
275632822
275632821
275632817
275632814
275632810
275632805
275632795
275632787
275632776
275632773
275632759
275632756
275632717
275632712
275632692
275634130
275634036
275634026
275634008
275633982
275633933
275633923
275633880
275633876
275633866
275633863
275633858
275633850
275633838
275633836
275633824
275633814
275633808
275633796
275633793
275633776
275633771
275633760
275633754
275633752
275633742
275633738
275633726
275633724
275633722
275633717
275633714
275633710
275633708
275633705
275633698
275633686
275633683
275633633
275633561
275634474
275634452
275634426
275634424
275634162
275634156
275634102
275634086
275633219
275633208
275633191
275633107
275633047
275632426
275632422
275632412
275632382
275632358
275632328
275632326
275632322
275632320
275632310
275632304
275632301
275632292
275632287
275632276
275632262
275632254
275632052
275632032
275632026
275632016
275632002
275631998
275631987
275631984
275631926
275631884
275634620
275634618
275634601
275634595
275634574
275634546
275634520
275634504
275634488
275633385
275633363
275633357
275633355
275633341
275633291
275633287
275632446
275632440
275632438
275632436
275632420
275632416
275632337
275632336
275632282
275632280
275632267
275632176
275632168
275632140
275632122
275632118
275632114
275632106
275632104
275632099
275632092
275632083
275632074
275632064
275634612
275634586
275634551
275634540
275633463
275633435
275633423
275633395
275633393
275633389
275633383
275633375
275633360
275633349
275633334
275633331
275633324
275633315
275633301
275633026
275633017
275632966
275632951
275632903
275632897
275632891
275632876
275632359
275632248
275632242
275632240
275632238
275632230
275632217
275632216
275632212
275632189
275632162
275632090
275632075
275634654
275634638
275634632
275634628
275634600
275634584
275634528
275634132
275634106
275633471
275633467
275633459
275633456
275633451
275633448
275633447
275633441
275633433
275633419
275633417
275633399
275633049
275633035
275633032
275633023
275633015
275633011
275633005
275632993
275632970
275632960
275632957
275632938
275632919
275632917
275632911
275632905
275632433
275632414
275632352
275633728
275633670
275633667
275633592
275633429
275633408
275633262
275633244
275633067
275632750
275632658
275632530
275632524
275632442
275632407
275632398
275632384
275632306
275632204
275631980
275631871
200009816
200009696
200009376
200009220
200009127
200008999
200008443
200008271
200008195
200008120
200007688
200007508
200007484
200007416
200007386
200007270
200007149
200006987
200006905
275664910
275634532
275634316
275634293
275634198
275624436
275620039
275616061
275611786
275611744
275611099
275610994
275610625
275604161
275603974
275603814
275603610
275603355
275602324
275602169
275602000
275601724
275586735
275585596
275585533
275585408
200009418
200009251
200009161
200008911
200008885
200008449
200008439
200008265
200008205
200008201
200008069
200007961
200007223
200007111
200009734
200009502
200009498
200009442
200009261
200009255
200009253
200009233
200009219
200009217
200009215
200009207
200009201
200009199
200009189
200009181
200009179
200009174
200009173
200009169
200009163
200008865
200008847
200008836
200008821
200008818
200008811
200008793
200008773
200008223
200007516
200007462
200007446
200007434
200007414
200007404
200007397
200007394
200007381
200007375
275634316
275634293
275633592
275633429
275633262
275633244
275632530
275631980
275631871
200009992
200009696
200009418
200009376
200009251
200009220
200009161
200008999
200008911
200008885
200008449
200008443
200008439
200008271
200008265
200008205
200008201
200008195
200008120
200008069
200007961
200007688
200007508
200007484
200007386
200007270
200007223
200007149
200007111
200006987
200006905
275634532
275634514
275634198
275633984
275633840
275633728
275633700
275633670
275633667
275633616
275633408
275633390
275633310
275633296
275633067
275632881
275632750
275632658
275632524
275632398
275632356
275632226
275632204
275632062
275631956
275631932
275631918
275611717
275611378
275610735
275604059
275193618
200010018
200009816
200009760
200009127
200009033
200008073
200007416
200007018
275634624
275634060
275634002
275633996
275633762
275633489
275633480
275633072
275632853
275632791
275632786
200009902
200009830
200009820
200009782
200009762
200009754
200009726
200009672
200009460
200009227
200009177
200009021
200008851
200008801
200008719
200008713
200008680
200008649
200008647
200008537
200008399
200008260
200008146
200007476
200007429
200007418
200007401
200007356
200007132
275634356
275633902
275633642
275632945
275632943
275632761
275632666
275632540
275632244
275632220
275632094
200010073
200008709
200008502
200008467
200008395
200008325
200008163
200008131
200008075
200008047
200007985
200007842
200007813
200007652
200007646
200007597
200007584
200007564
200007560
200007554
200007158
200007153
200007113
200007103
200007086
200006985
200006966
200006963
200006911
200009438
200009331
200009289
200009145
200008883
200008485
200008481
200008441
200008431
200008418
200008410
200008409
200008403
200008383
200008376
200008369
200008358
200008341
200008339
200008335
200008165
200007680
200007656
200007626
200007624
200007620
200007604
200007602
200007596
200007592
200007588
200007558
200007550
200007268
200007213
200007203
200007003
200006947
200006941
200006919
200009964
200009928
200009864
200009851
200009846
200009844
200009836
200009832
200009794
200009776
200009740
200009724
200009694
200009684
200009682
200009652
200009612
200009608
200009564
200009111
200009063
200009057
200009055
200009051
200009011
200009003
200008985
200008704
200008689
200008683
200008669
200008658
200008643
200008582
200008576
200008539
200008521
200008435
200007686
200007605
200010038
200010036
200010002
200009980
200009968
200009960
200009938
200007884
200007880
200007874
200007872
200007867
200007852
200007830
200007828
200007816
200007806
200007804
200007796
200007778
200007774
200007762
200007754
200007750
200007723
200007708
200007698
200007478
200007464
200007450
200007444
200007442
200007440
200007428
200007410
200007372
200007360
200007348
200007330
200007304
200009361
200009359
200009347
200009149
200008747
200008095
200008085
200008043
200008041
200008007
200007999
200007991
200007979
200007977
200007973
200007965
200007953
200007951
200007948
200007924
200007910
200007241
200007211
200007199
200007191
200007141
200007125
200007109
200007105
200007089
200007085
200007081
200007053
200007031
200006999
200006994
200006951
200006945
200006931
200006889
200009538
200009482
200009472
200009464
200009446
200009404
200009402
200009399
200009363
200009343
200009341
200009272
200009245
200009241
200009239
200009157
200009151
200008822
200008817
200008787
200008760
200008755
200008753
200008751
200008739
200008240
200008233
200008225
200008189
200008183
200008181
200008143
200008141
200007278
200007147
200007068
200007063
200007025
200007017
200007011
200009622
200009594
200009592
200009552
200009526
200009508
200009328
200009315
200009297
200009295
200009285
200009259
200009211
200009191
200008987
200008961
200008929
200008925
200008919
200008903
200008901
200008899
200008893
200008889
200008875
200008815
200008807
200008600
200008553
200008547
200008545
200008505
200008231
200007678
200007662
200007622
200007566
200007512
200007510
200007500
200010008
200009996
200009986
200009634
200009588
200009580
200009570
200009554
200009079
200009029
200009017
200008997
200008991
200008989
200008982
200008981
200008977
200008975
200008954
200008952
200008933
200008699
200008667
200008617
200008615
200008613
200008595
200007818
200007736
200007734
200007720
200007701
200007468
200007436
200007374
200007344
200007334
200007332
200007306
200007292
275634326
275634268
275634266
275634222
275634210
275634194
275634176
275634164
275634127
275634114
275634095
275634094
275634087
275633161
275633151
275633121
275633097
275633068
275633053
200010075
200010071
200010050
200010046
200008107
200008104
200008102
200008089
200008059
200008049
200008029
200008025
200008019
200008001
200007882
200007860
200007856
200007791
200007770
200007768
200007740
275634472
275634469
275634461
275634460
275634446
275634442
275634428
275634422
275634416
275634392
275634390
275634388
275634386
275634382
275634378
275634338
275634334
275634324
275634301
275634298
275634294
275634277
275633241
275633220
275633203
275633199
275633145
275633143
275633140
275633133
275633131
275633117
275633104
275631986
275631978
275631972
275631970
275631944
275631897
275631892
275634074
275634069
275634062
275634054
275634033
275634032
275634018
275633974
275633965
275633938
275633932
275633283
275633275
275632662
275632641
275632640
275632636
275632630
275632626
275632610
275632604
275632600
275632580
275632558
275632556
275632526
275632498
275632494
275632478
275632472
275632458
275632385
275632371
275632311
275632296
275632042
275632039
275632022
275632011
275631964
275634634
275634616
275634614
275634608
275634606
275634588
275634582
275634571
275634566
275634558
275634554
275634550
275634544
275634536
275634534
275634510
275634500
275633387
275633377
275633370
275633369
275633359
275633340
275633337
275633309
275633307
275632899
275632889
275632233
275632184
275632182
275632178
275632170
275632147
275632120
275632102
275632088
275632082
275632072
275632066
275634647
275634644
275634150
275634108
275634080
275633065
275633043
275633037
275633025
275633007
275632994
275632989
275632955
275632952
275632949
275632931
275632907
275632873
275632867
275632354
275632207
275632206
275632056
275632004
275631996
275631990
275631960
275631953
275631952
275631940
275631930
275631928
275631924
275631889
275631887
275631886
275631867
275631865
275631862
275631860
275633806
275633804
275633792
275633788
275633779
275633768
275633712
275633673
275633666
275633580
275633554
275633550
275633546
275633530
275633473
275632860
275632845
275632742
275632698
275632676
275632648
275632628
275632584
275632576
275632564
275632546
275632522
275632506
275632484
275632482
275632476
275632456
275632454
275632050
275632048
275632036
275632034
275632007
275631982
275631966
275634402
275634394
275634380
275634328
275634287
275634285
275634281
275634251
275634250
275634244
275634237
275634214
275634202
275634180
275634168
275634160
275634153
275634148
275634141
275634134
275634103
275634098
275633875
275633872
275633869
275633860
275633852
275633845
275633844
275633832
275633830
275633827
275633822
275633261
275633248
275633247
275633231
275633217
275633163
275633149
275634456
275634444
275634440
275634432
275634430
275633660
275633648
275633640
275633624
275633622
275633611
275633610
275633590
275633578
275633576
275633570
275633568
275633558
275633538
275633532
275633499
275633264
275633255
275633227
275633193
275632859
275632849
275632825
275632807
275632802
275632801
275632793
275632783
275632781
275632764
275632740
275632738
275632736
275632724
275632719
275634066
275634048
275634010
275633992
275633986
275633960
275633950
275633916
275633912
275633897
275633890
275633884
275633882
275633874
275633868
275633862
275633797
275633784
275633782
275633744
275633740
275633736
275633730
275633716
275633688
275633650
200009470
200009444
200009430
200009397
200009392
200009231
200008835
200008791
200008743
200008209
200008188
200008159
200008138
200007004
200009722
200009704
200009692
200009666
200009658
200009650
200009568
200009542
200009524
200009514
200009512
200009506
200009504
200009319
200009281
200009279
200009271
200009203
200009195
200009185
200009131
200009103
200009094
200009067
200008917
200008895
200008877
200008873
200008871
200008795
200008783
200008357
200008353
200008347
200008337
200008301
200008297
200008289
200007517
200007502
275633276
275632447
275632444
275632430
275632408
275632405
275632400
275632391
275632390
275632368
275632362
275632346
275632334
275632307
275632289
275632278
275632274
275632272
275632258
275632256
275632156
275632125
275632070
275632057
200009951
200009934
200009920
200009866
200009848
200009822
200009796
200009772
200009720
200009714
200009698
200009101
200009097
200009077
200009049
200008039
275634604
275634576
275634508
275634502
275633468
275633449
275633402
275633379
275633367
275633347
275633345
275633333
275633313
275633305
275633293
275633280
275633277
275633019
275633009
275633001
275632997
275632986
275632981
275632969
275632965
275632962
275632921
275632915
275632913
275632874
275632871
275632252
275632249
275632228
275632200
275632198
275632185
275632174
275632160
275632138
275859559
275799205
275798540
275786602
275764764
275761631
275761627
275754418
275751052
275749658
275748906
275748199
275741991
275739862
275739404
275737935
275702283
275701961
275689129
275688955
275688493
275687819
275687724
275687512
275687433
275634089
275634084
275633465
275633445
275633013
275632991
275632974
275632944
275632941
275580664
275580070
275579433
275513252
200007311
200007171