419320
763675
277717925
764198
147759418
459201
136676515
273407307
277497161
273406996
273407038
276174461
3719675
419322
276428639
23457566
274591288
204310850
204322880
276068055
277728805
7117761
204310207
764581
276068044
277497521
108590741
276151166
277733894
277733886
277497609
204309726
276068034
147754730
277745341
276068036
277727183
273675319
277726044
277497377
275713506
277717787
275064338
278720067
278541649
8319455
277728895
275064302
277717851
276067953
72682536
763594
277911613
129710044
276067920
276068028
278719626
276068077
204403958
204256437
253070535
277497666
279165179
8311768
278720028
276068041
20460116
279272834
20369071
277728865
277490004
273669871
273669861
273328139
273675337
277726525
279361885
278722031
278706847
278705603
270884403
270884208
16332066
279405463
107058283
44061288
253052510
277497268
279313021
119118087
275077266
10573182
204231112
276068059
273669875
277728529
277726355
72682081
277722034
186206860