278877640
278345072
278305650
278161117
278004517
277499648
277484603
277279901
277279861
276898236
276799051
276456354
275842862
275842850
275836548
275825327
275806520
275793750
275793630
275780619
275779301
275765275
275729491
275727854
275716584
275716297
275709547
275706977
275664508
275664461
275659276
275611811
275611766
275602648
275588344
275258068
275175795
249889835
114412341
72302773
278350856
277845963
277580153
275893808
275836384
275836189
275836106
275835884
275818263
275818252
275794774
275792102
275782635
275782379
275780628
275780326
275765009
275753844
275753302
275748883
275738280
275738231
275738221
275738213
275738158
275738139
275737994
275728666
275728543
275727815
275727759
275726326
275672655
275670891
275664553
275603900
275603102
275602270
275601835
197638023
278236438
278074414
277780775
277533811
276898242
276762329
276509607
275866027
275836513
275836349
275835961
275818265
275818153
275806044
275763878
275762694
275752748
275737344
275729095
275724480
275723298
275722882
275722568
275716425
275716398
275715962
275713594
275712282
275712208
275712153
275706869
275706067
275705777
275702491
275702340
275702277
275701907
275664271
80043652
71981333
279016678
278733195
278606280
275894410
275806160
275805508
275778958
275765052
275764454
275764183
275762867
275762658
275753251
275738853
275738196
275738094
275737357
275729889
275729302
275728731
275728223
275728090
275727781
275727712
275726696
275726294
275724516
275724409
275724387
275724167
275723292
275716270
275712928
275702161
275665561
275664449
273259081
72330850
69237702
68774270
279394302
276799033
276684703
276684234
275836561
275836147
275835695
275793728
275793698
275780589
275728618
275728421
275728159
275728146
275726334
275722836
275722708
275716168
275710487
275710338
275710327
275702535
275670833
275665146
275664779
275664761
275664337
275658549
275657877
275171014
270882379
270881992
261965761
253432101
168044528
114101177
114070595
99037301
72329189
27639931
279394316
278639070
278305606
278120015
278074437
277974085
277573688
277232112
276798533
275894240
275843864
275837053
275836880
275792110
275791999
275780376
275779388
275779011
275764913
275764503
275764312
275753186
275753131
275753049
275737326
275730089
275729987
275723895
275701998
275672031
275671171
275670951
275666669
275665519
275665405
275658890
275612328
275612194
71099992
26299887
275716443