276672185
276671408
276670991
276669695
276638882
275150848
216283721
216283719
216283706
216283702
216283698
216283696
216283682
216283678
216283670
216283646
216283644
216283630
216283616
193777936
189630482
189630479
189630469
183363854
178338851
178338849
178338841
178338839
178338826
176238533
176238529
176238505
173802312
173584952
171153523
171145631
171089511
170944376
107034248
1403987
276669780
276638864
276428704
275147222
275137362
275137333
275120675
275091895
275050541
216283716
216283676
216283673
216283672
216283640
216283622
216283618
216283611
216283608
216283606
207390083
207314099
207314097
207191499
207191497
207191489
207191467
207191461
197893997
197893993
197893982
190824165
190824160
190824154
190823931
185582297
183363864
183363859
183363858
173802297
173802289
276630677
276624792
275148769
275146902
275146896
275146865
275146512
275137328
275137298
275137185
275129575
275129095
275128386
275128374
275128369
275121135
275121090
275121086
275120681
275118169
275118102
275113232
275110806
275110795
275105366
275105364
275105360
275105356
275092152
275091922
275091713
275073984
275051947
275051742
275050572
275050427
273213956
273213950
273213907
273213790
276682288
276681895
276681784
276672169
276638884
276258567
276258347
276258095
275137357
275129169
275129018
275128395
275121082
275120978
275120679
275120673
275110925
275110802
275110799
275110747
275110187
275092160
275092150
275092062
275091978
275073981
275073979
275073973
275063460
275063452
275051953
275051945
275050431
275050423
273213823
273213793
173802298
171089505
170943364
107034556
276671076
216283725
216283714
216283712
216283709
216283688
216283683
216283680
216283660
216283642
216283636
216283631
216283626
216283620
216283610
216283604
207390096
207390081
207314107
207314105
207314102
207191501
207191493
207191491
207191483
207191478
207191473
207191470
207191468
197893989
197893977
197893975
197893969
190823848
183363868
178338837
173802286
173670364
170944330
169519695
276672181
276670791
276670457
216283733
216283729
216283727
216283708
216283699
216283648
207191495
207191476
190823880
190823739
189630485
189630481
183363870
183363865
183363855
183363849
183363848
183363846
183363836
178338846
178338835
178338832
178338829
176238525
176238517
176238513
176238510
176238507
176238501
176238491
176238489
176238481
173802309
173802306
173802291
171153585
171145869
276428460
275147050
275137352
275137323
275137191
275129136
275128399
275128325
275121129
275121126
275120677
275118234
275114131
275113237
275113222
275110957
275110954
275110918
275110912
275110740
275105325
275104844
275092148
275092057
275091972
275091916
275091719
275073971
275063505
275051951
275051736
275050578
275050433
275050429
273213974
273213958
273213954
273213805
273213317
218753719
276672179
276669980
276669970
276662189
276638866
276630675
276630673
276630667
276630632
276630035
276480123
276428694
275151228
275146501
275129273
275129093
275129039
275128295
275121132
275121084
275120982
275120971
275120968
275114136
275113229
275110960
275110743
275104857
275091975
275063502
275051738
275050539
273213332
218753721
216283731
216283723
216283704
185449327
173802300
171145577
218755060
218753717
216283694
216283691
190823970
189630477
189630475
189630472
183363862
183363847
183363844
183363841
183363840
183363838
178338845
178338843
178338830
178338825
178338823
176238531
176238527
176238523
176238519
176238515
176238508
176238503
176238499
176238496
176238495
176238490
176238486
176238484
176238482
173802321
173802320
173802318
173802314
173802299
173802282
171089531
275121124
275120986
275114141
275113225
275110914
275110797
275051760
275050576
273213902
273213322
216283690
216283686
216283668
216283666
216283663
216283662
216283658
216283655
216283654
216283652
216283650
216283634
216283627
216283624
216283614
207314109
207314101
207191485
207191480
207191463
207191462
207191459
197893990
197893987
197893981
197893973
190824037
189630470
176238521
173802288
276630023
276480086
275147793
275147732
275146906
275137304
275128333
275128318
275121093
275120974
275120256
275118227
275118209
275114134
275114129
275110916
275110804
275110745
275110181
275105358
275105354
275105335
275105333
275105331
275105327
275092156
275092154
275091920
275091897
275091717
275091708
275050425
275049932
273213972
273213904
273213894
273213892
273213810
273213328
273213325
276672187
276670158
276670156
276669959
276639330
276639326
276639324
276639322
276639320
276639318
276638880
276638878
276630681
276630679
276428708
276428702
276428696
276259713
276258798
275153505
275153476
275147795
275147260
275137310
275137195
275129444
275129208
275128271
275118154
275110910
275110184
275105329
275104846
275092059
275091924
275091899
275091711
275073976
275063463
275063457
276681816
276257783
188543552
113768714
113757579
107033614
1404003