278627348
278522227
278463248
278020762
276181938
275695635
275671222
275591361
274442078
274402602
273292572
271439340
263334513
252566066
249389268
217486427
193003336
191975880
189460846
188040084
174029994
143714177
143714075
134840301
134641513
134578048
134559638
131534891
54616069
35729792
33395672
26691653
23172957
20017816
10723695
4981861
4953361
2302081
476063
452578
279289121
278901738
278520816
278491252
278020774
277988222
277988095
277988031
273868914
206112579
191387775
169595273
158820238
158819413
134583939
134579747
131534871
119485148
55882552
54756528
38412543
35729811
31227484
29116676
29116183
20018750
13151187
13150843
4981859
2067059
1382899
1382891
452576
447634