278757963
277370126
277369656
275986708
275729513
261812243
252780967
216229502
181361806
124916022
72298397
72298167
72214006
72213826
72205531
69545336
57415699
57003673
53650057
52302065
50564105
50015261
50015247
50015243
50015209
49995913
49995900
49994696
46178917
31323224
31317292
30753716
30748240
16227611
12218724
514911
512398
491778
465220
459843
278844136
278609907
278106615
277369744
276312523
275728536
230203528
202608774
199522880
184080887
184080695
184080525
184080359
173423914
166455213
146954111
146952997
146951095
122560410
105614154
72217652
72217409
72214576
72028019
71933666
69883076
57350680
55237043
53670401
53667764
53643860
51040334
50015211
49995912
33551865
31295383
30764171
29610080
16266571
16263174
277135653