274594400
271306265
271306212
271305614
271305368
271304754
271303388
271303328
271303276
271302789
271302527
271196733
271196696
271196667
271196372
271193536
271192032
271191779
270977679
264021932
193910192
193909698
190755772
190754023
190587589
190582850
190582699
185204000
161019278
145773094
140565004
140220723
137543569
120533324
102034411
48540517
36238838
23028564
22606877
14530331
277503090
273330202
271305770
271305271
271305044
271303359
271303042
271303024
271302994
271302732
271258771
271258447
271230870
271192441
271163888
271137247
271132051
271131882
271122244
270991383
270990738
270981115
244306064
214590212
196549125
187156756
147217679
147210124
146951048
146943802
145771758
145770848
128873490
124903151
48519954
36238802
36238794
30779156
20693963
20444516
274577528
271307103
271290926
271290478
271289595
271258098
271166120
271166093
271166055
271165909
271163105
271152258
271132764
271119293
271075175
270991653
270990917
270980128
270977184
270883354
270659865
270659809
264021330
262295208
252575102
230206635
197776329
190582128
174231686
173863712
147796093
147003816
146987932
146954126
145697462
140946851
139949410
36238797
36238796
26214661
276921742
274577758
274097347
272061097
271306115
271305585
271305544
271303166
271302691
271302591
271291080
271231032
271193041
271140322
271135740
271135653
271118558
271073360
270992490
270858993
270660058
270650563
248800143
248800142
208904483
190582045
162399248
155636613
146995988
146989551
146965639
146955326
145895903
145873188
143119630
141356088
28320248
26145671
26103878
14526958
276500860
276410619
271305345
271190784
252763810
214608591
214591747
214591172
198651143
102016535
21783177