279167298
279165508
278504558
278504554
278036253
278029165
277995342
277741306
277717120
277717001
277687432
277682058
277677699
277621102
277610682
277435565
277370393
276921620
276726003
276629985
276472783
276139415
276067078
276038747
276007797
275904604
275515160
275230831
275073647
274931094
274657496
274646793
274365707
273820870
270840677
270839341
216108735
129579874
91272444
69196844
279383005
279243096
278883838
277744689
277740792
277716833
277716776
277612505
277612446
277612252
277611767
277611464
277439486
277439374
277430079
277425583
277358469
277303321
277020047
276931084
276729340
276580423
276450830
276017835
275731801
275524760
275048555
274648416
274616698
274616352
273659318
222621207
207179649
131506284
131404573
131404289
131396261
72968489
47362057
20441353
279382743
277916029
277612093
277611304
277611228
277438887
277438808
277438649
277435369
277435128
277249685
276921780
276007817
170311888
7177741