278800520
277020602
276555365
275653544
275651714
275580345
275541463
275537890
275529131
275514318
275510574
275495686
275486991
275458358
275439821
275436448
274032378
273713349
200025885
200025869
200025701
200025501
200025371
200025263
200024979
200024941
200024706
200024644
200024536
200024218
200023892
200023890
200023865
193446448
189540673
125434066
125433267
125432767
125432366
125432155
277409998
277020675
276067051
276064282
276064276
276063425
275799597
275652761
275651124
275648797
275648337
275647562
275531161
275525104
275493153
275492907
275492877
275492667
275492272
275491684
275477862
274032056
273121449
272448482
225216921
216371650
204437390
200026514
200026172
200025559
200025549
200025085
200024829
200024746
200024496
200024246
200024174
200024145
200023823
125433688
278637965
278128280
276521599
276146804
276067094
275931451
275653615
275652052
275651903
275651655
275651501
275650888
275650553
275650492
275650140
275650082
275650012
275648844
275648691
275648580
275647441
275647331
275568993
275530125
275525160
275505593
275504181
275490992
275477790
274364301
273297306
200026594
200026036
200025635
200025015
200024957
200024872
200024336
200024113
200024059
277975068
276515198
276501685
275915449
275882556
275869418
275653365
275653330
275651318
275650681
275649911
275649617
275648859
275648297
275647805
275647692
275647656
275576531
275551082
275550910
275540656
275529510
275505525
275495104
275494532
275491520
275485426
275483182
274405336
270674587
207293871
200026528
200025801
200025665
200025347
200025335
200024826
200024712
200024153
200023950
278046052
275653285
275652866
275652314
275650800
275650285
275650178
275649950
275649557
275649017
275649016
275647624
275591810
275588671
275575725
275551905
275537106
275530890
275504927
275504487
275500394
275500294
275491712
275478146
275477668
275474207
274364285
270266392
225216966
200026638
200025551
200024833
200024806
200024652
200024464
125433917
125433492
125432326
125432322
10868001
277539545
276551552
275779367
275650060
275649966
275605071
275541036
270439704
270105564
200026526
200025285
200025251
200025161
200025139
200025123
200025037
200025017
200025009
200024975
200024967
200024961
200024947
200024928
200024923
200024894
200024866
200024844
200024837
200024836
200024594
200024588
200024534
200024530
200024518
200024446
200024440
200024412
200023788
136594054
125432919
200026696
200026554
200026542
200026512
200026510
200026495
200026456
200026450
200026440
200026436
200026434
200026428
200026405
200026396
200026378
200026353
200026344
200025357
200025305
200025243
200025219
200025207
200025197
200024141
200024107
200024103
200024087
200024057
200024045
200024043
200024031
200023960
200023954
200023938
200023830
200023782
200023780
200023778
200023774
200023766
200024913
200024903
200024880
200024877
200024870
200024857
200024828
200024824
200024800
200024766
200024752
200024690
200024678
200024674
200024668
200024653
200024650
200024634
200024624
200024540
200024494
200024465
200024396
200024346
200024326
200024322
200024280
200024274
200024256
200024224
200024214
200024212
200024210
200024208
200024194
200024155
200024149
200024143
200023724
200023692
200026486
200026476
200026466
200026444
200026432
200026404
200026394
200026390
200026388
200026372
200026368
200026360
200026358
200026348
200026338
200026336
200026320
200026316
200026306
200025439
200025435
200025423
200025419
200025034
200025022
200025011
200025003
200024951
200024948
200024852
200024147
200024124
200024098
200024092
200024081
200024079
200024047
200024041
200024017
200023990
200024794
200024790
200024772
200024742
200024738
200024694
200024688
200024626
200024614
200024374
200024360
200024354
200024347
200024328
200024282
200024250
200024229
200024226
200024200
200024182
200024176
200024139
200023758
200023752
200023744
200023742
200023734
200023721
200023716
200023708
200023700
200023694
200023690
200023688
200023678
200023674
200023672
200023662
200023652
200023650
225216923
200026144
200026138
200026136
200026130
200026114
200026094
200026090
200026084
200026074
200026072
200026070
200026066
200026056
200026020
200026002
200025963
200025960
200025940
200025924
200025898
200025881
200025877
200025873
200025836
200025828
200025773
200025755
200025731
200025675
200025623
200025577
200025571
200025541
200025525
200025517
200024808
200024764
200024758
200024313
200026302
200026296
200026292
200026282
200026270
200026264
200026250
200026232
200026224
200026218
200026194
200026174
200026128
200026124
200026118
200026104
200026085
200025934
200025895
200025879
200025875
200025854
200025852
200025822
200025775
200025257
200025253
200025209
200025163
200025147
200025143
200025129
200025107
200025077
200025073
200025065
200025061
200025043
200023785
200023776
200026684
200026676
200026670
200026658
200026642
200026636
200026628
200026612
200026584
200026564
200026548
200026524
200026522
200025421
200025401
200025387
200025383
200025351
200025349
200025339
200025331
200025319
200025298
200025295
200025291
200023926
200023920
200023918
200023898
200023880
200023874
200023872
200023868
200023856
200023848
200023846
200023825
200023812
200023809
200023796
225216960
225216956
225216916
225216915
200026698
200025954
200025936
200025927
200025914
200025909
200025900
200025883
200025735
200025691
200025639
200025637
200025631
200025625
200025603
200025601
200025569
200025557
200025553
200025545
200025529
200025519
200025513
200025464
200025445
200025413
200024818
200024720
200024382
200024379
200024378
200024319
200024300
200024294
200023900
200023852
275652646
275651652
275650069
275649902
275649882
275649852
275649428
275649417
275649365
275649314
275649293
275649289
275649282
275649233
275649231
225216919
200026293
200026290
200026286
200026276
200026260
200026230
200026226
200026185
200026170
200026154
200026042
200026025
200025992
200025986
200025974
200025968
200025859
200025830
200025795
200025793
200025759
200025751
200025739
200025717
275651650
275650940
275650928
275650914
275650894
275650860
275650858
275650854
275650825
275650812
275650275
275650273
275650258
275650250
275650241
275650239
275650238
275650233
275650227
275650215
275650207
275650203
275650180
275650172
275650064
275650043
275650037
275650005
275649996
275649983
275649935
275649927
275649914
275649851
275649847
275649423
275649412
275649387
275647163
275647157
275652206
275652105
275652082
275650949
275650947
275650938
275650926
275650911
275650886
275650475
275650463
275650461
275650455
275650439
275650429
275650418
275650367
275650353
275650313
275649806
275649781
275648083
275648014
275647994
275647988
275647986
275647976
275647354
275647351
275647335
275647291
275647266
275647263
275647259
275647241
275647203
275647198
275647183
275647172
275647166
275652274
275652266
275652255
275652243
275652235
275652186
275652179
275652176
275652134
275652122
275652100
275649843
275649839
275649818
275649808
275649798
275649776
275649773
275649742
275649740
275649737
275649691
275649521
275649496
275649481
275649477
275649445
275649439
275648282
275648257
275648245
275648237
275648205
275648181
275648167
275648153
275648150
275648074
275648051
275647353
275652336
275652322
275652310
275652298
275652292
275652258
275652247
275650589
275650552
275650533
275650528
275650512
275650489
275649622
275649621
275649561
275649517
275649489
275649461
275649459
275649443
275648768
275648713
275648700
275648694
275648620
275648616
275648377
275648361
275648358
275648323
275648301
275648299
275648291
275648271
275648267
275648249
275648231
275648209
275648159
275652424
275652414
275652402
275652392
275652383
275652380
275652376
275652369
275652368
275652362
275652349
275652318
275652312
275652264
275650757
275650719
275650694
275650670
275650654
275650617
275650608
275650599
275650598
275650584
275650572
275650543
275650538
275650508
275648822
275648785
275648777
275648775
275648769
275648767
275648758
275648751
275648733
275648707
275648653
275648380
275653434
275653392
275653381
275653372
275652776
275652720
275652481
275652468
275652449
275651137
275651122
275651110
275651076
275651072
275651068
275651053
275651041
275651012
275651006
275650623
275650588
275648982
275648960
275648954
275648949
275648946
275648940
275648924
275648922
275648916
275648902
275648898
275648896
275648885
275648880
275648878
275648864
275648862
275648824
275648763
275653552
275653543
275653539
275653509
275653504
275653494
275653487
275653481
275653477
275653471
275653446
275653444
275653433
275653357
275652904
275652900
275652886
275652884
275652860
275652852
275652848
275652842
275652838
275652820
275652819
275652816
275652802
275652793
275652792
275652790
275652784
275652741
275651946
275651166
275651156
275651146
275651102
275651086
275651060
275651052
275653818
275653806
275653593
275653591
275653588
275653587
275653535
275653516
275653513
275653242
275653156
275653148
275653145
275653144
275653140
275653135
275652839
275652076
275652068
275652064
275652061
275652053
275652038
275652034
275652028
275652006
275651993
275651991
275651971
275651968
275651960
275651957
275651948
275651936
275651934
275651892
275651884
275651879
275651138
275648866
275653770
275653745
275653723
275653642
275653579
275653562
275653282
275653275
275653261
275653247
275653245
275653233
275653225
275653221
275653206
275653197
275653179
275653177
275647644
275647600
275647595
275647590
275647587
275647582
275647574
275647566
275647560
275647459
275647455
275647429
275647427
275647369
275647365
275647357
275647149
275647145
275647141
275647115
275647113
275647100
275651768
275651738
275651690
275651316
275651308
275649176
275649172
275649105
275647742
275647738
275647730
275647722
275647718
275647716
275647704
275647697
275647693
275647674
275647672
275647670
275647668
275647666
275647609
275647546
275647545
275647518
275647514
275647513
275647511
275647509
275647477
275647471
275647467
275647465
275647419
275647417
275647387
275647385
275647375
275647150
275652212
275652210
275652140
275652120
275652118
275652114
275652082
275652079
275652078
275650475
275650471
275650469
275650463
275650461
275650451
275650439
275650430
275650425
275650367
275649792
275649725
275649719
275648227
275648110
275648098
275648093
275648068
275648053
275648046
275648040
275648014
275647994
275647988
275647351
275647345
275647335
275647301
275647298
275647291
275647284
275652238
275652234
275652230
275652228
275652194
275652183
275652179
275652154
275652148
275652134
275649840
275649816
275649781
275649769
275649767
275649757
275649750
275649747
275649740
275649737
275649723
275649704
275649697
275649689
275649674
275649669
275649657
275649645
275649639
275649501
275648205
275648121
275648086
275648083
275648013
275648011
275647353
275647317
275647310
275647297
275652274
275652266
275652258
275652255
275652243
275652235
275652202
275652188
275652178
275649843
275649839
275649818
275649813
275649808
275649776
275649773
275649742
275649521
275649517
275649481
275649477
275649445
275649443
275649439
275649434
275648358
275648323
275648282
275648271
275648267
275648257
275648249
275648235
275648187
275648181
275648179
275648167
275648159
275648153
275648074
275652402
275652392
275652383
275652380
275652376
275652369
275652368
275652362
275652349
275652312
275652310
275652264
275652247
275652138
275650598
275650584
275650572
275650543
275650538
275649775
275649731
275649489
275649461
275649459
275648822
275648777
275648768
275648767
275648758
275648733
275648707
275648700
275648653
275648616
275648380
275648317
275648301
275648299
275648291
275648209
275652457
275652449
275652442
275652436
275652424
275652414
275652318
275651012
275651006
275651000
275650719
275650694
275650670
275650623
275650617
275650608
275650599
275650588
275649019
275648982
275648966
275648960
275648954
275648949
275648946
275648940
275648924
275648922
275648916
275648902
275648898
275648896
275648885
275648880
275648864
275648862
275648824
275648785
275648775
275648745
275653558
275653426
275653408
275653395
275653381
275653140
275653136
275652884
275652860
275652848
275652844
275652819
275652782
275652776
275652770
275652765
275652756
275652748
275652739
275652720
275651968
275651955
275651939
275651906
275651894
275651159
275651097
275651041
275651034
275651014
275650989
275650978
275650975
275650968
275650648
275649014
275649001
275648988
275648980
275648962
275653818
275653806
275653784
275653782
275653770
275653768
275653766
275653747
275653745
275653728
275653721
275653664
275653642
275653593
275653333
275653332
275653311
275653300
275653242
275653233
275653206
275653156
275653148
275653144
275652068
275652053
275652034
275651993
275651991
275647595
275647582
275647574
275647560
275647130
275647127
275647121
275647119
275647116
275647113
275647100
275651185
275651183
275647730
275647722
275647697
275647693
275647674
275647668
275647666
275647653
275647644
275647634
275647622
275647608
275647604
275647600
275647598
275647590
275647587
275647566
275647558
275647523
275647489
275647465
275647459
275647455
275647453
275647429
275647427
275647419
275647407
275647399
275647387
275647369
275647365
275647357
275647150
275647149
275647145
275647141
275652626
275652611
275652580
275652573
275652533
275652513
275652497
275652486
275651860
275651858
275651854
275651790
275651768
275651738
275651690
275651316
275651308
275651290
275651288
275651263
275651242
275651236
275651210
275651194
275651182
275649225
275649208
275649205
275649176
275649172
275649105
275649033
275647678
275647676
275647505
275647499
275647495
275647475
275647463
275647101
275652694
275652682
275652681
275652679
275652656
275652618
275652609
275652604
275652599
275652569
275652521
275651875
275651671
275651626
275651623
275651621
275651610
275651594
275651576
275651554
275651540
275651527
275651521
275651517
275651511
275651496
275651490
275651488
275651484
275651472
275651470
275651466
275651457
275651445
275651425
275651423
275651415
275649259
275649251
275649239
275652646
275652616
275651652
275651650
275651644
275651636
275651551
275651512
275650069
275650061
275650054
275650046
275650005
275649969
275649956
275649948
275649909
275649902
275649885
275649882
275649852
275649851
275649847
275649428
275649417
275649379
275649375
275649365
275649358
275649357
275649349
275649314
275649293
275649291
275649289
275649282
275649242
275649237
275649233
275649231
275653118
275650843
275650834
275650828
275650819
275650798
275650787
275650777
275650769
275650765
275650153
275650146
275650135
275650126
275650086
275650064
275650043
275650037
275649996
275649983
275649935
275649927
275649914
275649423
275649412
275649387
275648590
275648488
275647858
275647848
275647844
275647824
275647816
275647796
275647794
275647790
275647786
275647783
275647782
275647758
275653000
275652981
275652979
275652971
275651525
275650141
275650010
275649933
275649905
275649414
275649367
275649347
275649342
275649340
275649337
275649319
275649301
275649295
275648582
275648443
275648441
275648421
275648399
275647954
275647953
275647952
275647946
275647944
275647932
275647916
275647910
275647889
275647886
275647882
275647876
275647870
275647864
275647853
275647836
275647762
275653132
275653117
275653054
275653027
275653017
275650920
275650916
275650914
275650903
275650881
275650391
275650384
275650377
275650365
275650357
275650315
275650307
275650286
275650245
275650197
275650105
275648565
275648549
275648544
275648540
275648537
275648527
275648525
275648517
275648514
275648477
275648473
275648461
275647274
275647273
275647269
275647241
275647213
275647201
275647177
275652206
275652186
275652176
275652122
275652105
275652100
275650455
275650429
275650418
275650381
275650363
275650353
275650313
275650302
275649806
275649798
275649691
275649631
275649580
275649575
275649496
275649485
275649446
275648361
275648357
275648355
275648295
275648277
275648269
275648245
275648237
275648231
275648207
275648150
275648051
275648023
275647976
275647972
275647354
275647183
275652298
275652292
275652282
275650589
275650552
275650533
275650528
275650512
275649831
275649827
275649622
275649621
275649611
275649605
275649603
275649579
275649576
275649571
275649561
275649544
275649539
275649523
275649473
275648713
275648697
275648694
275648681
275648640
275648637
275648632
275648620
275648603
275648599
275648592
275648377
275648365
275648344
275648343
275648331
275648325
275653367
275652570
275652555
275652548
275652547
275652536
275652481
275652468
275652465
275652461
275652440
275652433
275652422
275652416
275652412
275652372
275652336
275652322
275651864
275651806
275651740
275651726
275650757
275650654
275650642
275650620
275650516
275650508
275650489
275648942
275648935
275648918
275648912
275648878
275648872
275648868
275648852
275648769
275648763
275648751
275652709
275652648
275652588
275652576
275652550
275652517
275652511
275651872
225216923
200026174
200026144
200026138
200026136
200026130
200026128
200026118
200026114
200026104
200026094
200026090
200026085
200026084
200026074
200026072
200026070
200026066
200026056
200026020
200025940
200025895
200025877
200025875
200025873
200025854
200025836
200025828
200025773
200025755
200025731
200025675
200026476
200026436
200026432
200026396
200026378
200026353
200026302
200026296
200026290
200026286
200026282
200026276
200026270
200026264
200026260
200026250
200026230
200026226
200026218
200026194
200026185
200026170
200026124
200025859
200025852
200025822
200025775
200025435
200025419
200025305
200024446
200024147
200024139
200024098
200024087
200024057
200024031
200024017
200023990
200023938
275653025
275652988
275649898
275649253
225216919
200026600
200026340
200026293
200026292
200026232
200026224
200026154
200026044
200026042
200026025
200025992
200025986
200025974
200025968
200025963
200025960
200025934
200025924
200025879
200025830
200025795
200025793
200025759
200025751
200025739
200025735
200025717
200025639
200025407
200024570
200024522
200024512
200023924
200023878
200023794
275653183
275652997
275652969
275652222
275652049
275651480
275651476
275651417
275650836
275650149
275650051
275649997
275649880
275649870
275649269
275647968
275647735
275647501
275647348
275647324
275647321
275647170
200026474
200026400
200026363
200026208
200026148
200025976
200025815
200025741
200025105
200025013
200024656
200024648
200024077
200024069
200024032
200024027
200023968
200023962
275653712
275653556
275653410
275653384
275653008
275652774
275652643
275652044
275651866
275650745
275648978
275648920
275648908
275648714
275648341
275648292
275647818
275647137
200026420
200026376
200026330
200026308
200026164
200026100
200026064
200025889
200025840
200025834
200025791
200025681
200025679
200025641
200025611
200025605
200025589
200025213
200024776
200024698
200024660
200024356
275653421
275652316
275652189
275652104
275652086
275651016
275650711
275650652
275650555
275650502
275649713
275649685
275649081
275648956
275648243
275647520
275647227
275588833
275541040
275442190
270439704
200026519
200025621
200025467
200025373
200025116
200025055
200024863
200024812
200024330
200024276
200024186
200024164
200024127
200023994
200023964
200023843
200023805
200023748
200023739
276067103
276067049
276065618
275652961
200026686
200026134
200026013
200025361
200025353
200025231
200024718
200024716
200024222
200024005
200023811
179992224
179991579
179991447
179991025
179990781
136594461
136594429
136594346
136594026
125434128
125434083
125433835
125433764
125433705
125433413
125433345
125433316
125433147
125433109
125433047
125432857
125432856
125432358
125432232
125432202
276063680
276063528
275782610
275648402
275647527
275647371
200026634
200026452
200026384
200026328
200026151
200025627
200025479
200025063
200025058
200025007
200024989
200024987
200024985
200024969
200024892
200024886
200024884
200024832
200024638
200024592
200024590
200024432
200024422
200024389
200024101
200023764
179992052
168875647
136594512
136593854
125433679
125433108
125432332
125432284