279407844
279314649
279268177
278781470
278781458
278732894
278732279
278629367
278504971
278498223
277940728
277936893
277927266
277927123
277927046
277925953
277925764
277924281
277923022
277922659
277569165
277444536
277444445
276854259
276851646
276850540
276811870
275270534
274449936
274361166
274275873
274275138
274273892
274273484
274249798
274245325
273711072
253765990
252011452
174849122
279410330
279409618
279409152
279409053
279407835
279407643
279407380
279314614
279268148
279267608
279267568
278778124
278778120
278732897
278498687
277927168
277927135
277922903
277597335
277572055
277555530
277444651
279268148
276812351
274764606
274764444
274764212
274323351
274274467
274273223
274272823
274250019
274245831
272124180
272120881
271487045
247887055
127841733
126035957
125432077
279411391
279410041
279410032
279410017
279408030
279407548
279407382