278725781
278636867
278431378
277592365
276835026
276047528
275719353
275028938
274556135
273502827
273258212
186317597
174593821
169464950
163148792
136423081
136032838
118097630
74857633
74559331
55582245
54021947
20904905
20809509
17967481
15270539
10816176
8018483
7262847
6909331
5407987
3560211
3209613
754249
554426
547563
536534
511960
464804
455445
279289839
278635109
278584807
278473749
277995847
277745337
277744033
273586217
273258128
186743627
157424689
155199432
127378794
111569184
111152501
107361127
107360880
101901278
100625195
27933205
22179387
9825203
7011135
1685931