279217785
279192708
278064383
277973754
277973099
277508923
277497717
276597549
276488655
276399370
276122160
276106597
276106582
276106561
276106504
276081880
275221694
275221517
275213629
273622244
211312699
201687481
194013373
156222712
133580766
113331097
100159252
83492704
72680847
72042710
26061584
24012824
21709688
13507231
12222090
12221574
6711831
459739
459632
459628
277973165
277941778
277563944
277548995
277370552
276798877
276798642
276489527
276350103
276086403
276081899
275233276
275233245
275209879
275202794
275201127
275196681
275193842
275193414
275134746
274926985
273596422
273503286
263334753
205480325
204424535
126996582
117045414
100159256
95650953
87393353
87167546
74279015
71932778
37822793
24967083
21715160
20797892
11259279
3717809
279225766
279222012
278786923
277370611
277370597
276798852
276562769
276527998
276448400
276249780
275233248
275201225
275199395
275198080
275197786
275193326
275190941
275133011
274927032
273977920
273977203
273872449
273621684
273598007
273503706
262659973
249935575
167941046
156239449
138744669
131178241
117064684
116972177
105046634
72009001
21430941
19279372
15946554
13500743
459581
279191716
279191175
278787057
278786927
278106493
276798904
276798874
276597507
276350101
275738613
275208521
275206677
275203679
275200169
275197702
274384088
273978168
273872608
273624519
263334692
205480382
205472713
182552989
117066332
117062830
87167475
87130685
83491573
74225994
71930373
68835460
37825454
37818910
24005291
22896279
22883621
21754445
19275613
3717523
459589
279217943
278786919
278058558
276508936
276474883
275233182
275233168
275134677
275134398
273978265
273977378
273977042
273872633
273872272
273623233
117065094
116985531
116780991
83525761
83498472
459629