99998451
278794903
279113664
279077655
277313182
279171218
279113628
278945267
275583739
278945294
279171286
274795697
279113566
278578819
277967577
279306959
279309408
56693312
275255765
272461891
200032596
277839357
274565589
275337086
275688265
87010695
207377803
277967593
275905165
247768228
215122886
208286638
275331333
275308310
174515891
276152996
250479259
143144589
276043542
206639648
200816657
208684990
270503453
276624190
279396452
279396441
279392551
279396456
279396460
274059505
276156598
276155878
275346830
276156430
206658766
279410343