273047588
175096233
175091514
174623240
174619608
174600052
174599727
174447856
174240782
174222728
107058325
100378821
85444687
85400277
85396147
85371384
84076207
76826018
75946151
71101292
67447625
63542229
45383968
35360579
35360575
35360573
35360571
35354059
35353635
35353446
34985156
34959954
34816787
15538127
15538116
14992112
14754558
14754556
14754522
10775422
276551424
276471993
174446134
174247556
85447311
76595523
76595045
76582433
45384253
42557301
42531679
42527407
42352246
35360589
35360581
35360569
35353971
35353633
35353593
35033648
34994418
34993086
34992217
34977059
34965192
34961466
34956133
34953470
34943235
32855775
22141062
20560567
14754572
14754566
14754554
11716948
10810051
10809635
9857979
9847206
273047669
174246454
174246044
174240124
174225540
174222405
174220240
118775452
84783330
76559154
43490748
43482321
43331519
42350685
35421731
35360585
35360583
35360567
35360563
35354125
35353969
35353456
35353454
35353444
35352090
35030794
35030360
34999114
32973024
22604152
14993056
14754544
14754529
14754526
14376109
14375563
14375185
9813879
6641829
6641551
276601598
276504168
273048129
174238415
174236581
174216674
159973941
85400481
85391558
76594151
42558367
42530061
42351947
35468454
35421733
35043643
34993132
34992906
34992788
34984108
34974198
34970102
34968771
34961464
34960899
34957167
34951668
34949870
34942519
25729294
16273419
16273414
14754580
14754562
14754550
14754549
14754543
11436640