278155031
278439196
278155021
273903618
277284444
278149447
279258027
277916527
59165734
217777867
279171297
277288823
278787723
136897318
277837263
533264
279299066
278697591
249037014
76688114
277968634
144582226
275952074
52161959
275380038
568376
276039360
278697351
196002217
278673394
200771910
196675321
198926394
275320416
55994870
158222541
275261615
277836231
278757481
275345736
275931872
188665656
276384994
91510748
277988605
217184473
198122441
200780041
263577513
279299068
278851539
274835797
277927396
275335599
276102587
275404758
274029195
276346538
278618607
8105301
13115240
275364728
36164834
279308782
277327078
273510759
196675260
109427263
279298876
279299070