279293043
278853534
278719472
276798161
276719245
276556684
276234468
275984509
275906318
275335643
274155201
273891148
270772127
263986569
263982070
260933397
210766924
205923959
205177480
197147399
179539838
179539777
179539764
124895610
121242845
75955046
73256007
58308944
26029837
25007161
6817797
6816557
575562
575519
575516
575505
575389
575388
486367
311788
279332869
278498029
276798124
276139893
275987183
275975272
275256406
271499366
247722227
247722158
247719250
205917397
197720515
179539811
168155405
154002025
136113883
135718788
120484511
101255515
75955331
73256086
72901510
10074412
1036160
575590